%YAML:1.0
---
camera_matrix: !!opencv-matrix
   rows: 3
   cols: 3
   dt: d
   data: [ 1.0000000000000000e+03, 0., 9.6000000000000000e+02,
           0., 1.0000000000000000e+03, 5.4000000000000000e+02,
           0., 0., 1. ]
distortion_coefficients: !!opencv-matrix
   rows: 1
   cols: 5
   dt: d
   data: [ -2.5000000000000000e-01, 1.3000000000000000e-01,
           1.0000000000000000e-03, -2.0000000000000000e-03, 0.0000000000000000e+00 ]