%YAML:1.0
camera_matrix: !!opencv-matrix
    rows: 3
    cols: 3
    dt: d
    data: [ 311.5319594126301, 0.0, 643.6709427383354, 
            0.0, 310.684697261162, 344.96681732416835, 
            0.0, 0.0, 1.0 ]
distortion_coefficients: !!opencv-matrix
    rows: 1
    cols: 4
    dt: d
    data: [ 0.06494872859950979, 0.0019246522662558574, 
            -0.012888995393555109, 0.002060082123840094 ]
